  1100.00   0.95648158E-01     3000.7673    
  1099.00   0.94626414E-01     2998.0416    
  1098.00   0.93613243E-01     2995.3160    
  1097.00   0.92608605E-01     2992.5903    
  1096.00   0.91612455E-01     2989.8647    
  1095.00   0.90624751E-01     2987.1390    
  1094.00   0.89645450E-01     2984.4133    
  1093.00   0.88674507E-01     2981.6877    
  1092.00   0.87711881E-01     2978.9620    
  1091.00   0.86757526E-01     2976.2363    
  1090.00   0.85811401E-01     2973.5106    
  1089.00   0.84873460E-01     2970.7850    
  1088.00   0.83943661E-01     2968.0593    
  1087.00   0.83021960E-01     2965.3336    
  1086.00   0.82108312E-01     2962.6079    
  1085.00   0.81202673E-01     2959.8822    
  1084.00   0.80305000E-01     2957.1565    
  1083.00   0.79415249E-01     2954.4308    
  1082.00   0.78533375E-01     2951.7051    
  1081.00   0.77659334E-01     2948.9794    
  1080.00   0.76793083E-01     2946.2537    
  1079.00   0.75934576E-01     2943.5280    
  1078.00   0.75083769E-01     2940.8023    
  1077.00   0.74240618E-01     2938.0766    
  1076.00   0.73405079E-01     2935.3509    
  1075.00   0.72577107E-01     2932.6252    
  1074.00   0.71756658E-01     2929.8994    
  1073.00   0.70943687E-01     2927.1737    
  1072.00   0.70138150E-01     2924.4480    
  1071.00   0.69340002E-01     2921.7223    
  1070.00   0.68549199E-01     2918.9965    
  1069.00   0.67765697E-01     2916.2708    
  1068.00   0.66989450E-01     2913.5450    
  1067.00   0.66220415E-01     2910.8193    
  1066.00   0.65458547E-01     2908.0935    
  1065.00   0.64703802E-01     2905.3678    
  1064.00   0.63956134E-01     2902.6420    
  1063.00   0.63215500E-01     2899.9163    
  1062.00   0.62481856E-01     2897.1905    
  1061.00   0.61755157E-01     2894.4647    
  1060.00   0.61035358E-01     2891.7390    
  1059.00   0.60322415E-01     2889.0132    
  1058.00   0.59616284E-01     2886.2874    
  1057.00   0.58916922E-01     2883.5616    
  1056.00   0.58224282E-01     2880.8358    
  1055.00   0.57538323E-01     2878.1100    
  1054.00   0.56858998E-01     2875.3842    
  1053.00   0.56186265E-01     2872.6584    
  1052.00   0.55520080E-01     2869.9326    
  1051.00   0.54860397E-01     2867.2068    
  1050.00   0.54207175E-01     2864.4810    
  1049.00   0.53560368E-01     2861.7551    
  1048.00   0.52919933E-01     2859.0293    
  1047.00   0.52285827E-01     2856.3035    
  1046.00   0.51658005E-01     2853.5776    
  1045.00   0.51036425E-01     2850.8518    
  1044.00   0.50421043E-01     2848.1259    
  1043.00   0.49811815E-01     2845.4001    
  1042.00   0.49208699E-01     2842.6742    
  1041.00   0.48611651E-01     2839.9484    
  1040.00   0.48020627E-01     2837.2225    
  1039.00   0.47435586E-01     2834.4966    
  1038.00   0.46856484E-01     2831.7707    
  1037.00   0.46283279E-01     2829.0448    
  1036.00   0.45715927E-01     2826.3189    
  1035.00   0.45154386E-01     2823.5930    
  1034.00   0.44598613E-01     2820.8671    
  1033.00   0.44048567E-01     2818.1412    
  1032.00   0.43504205E-01     2815.4153    
  1031.00   0.42965484E-01     2812.6893    
  1030.00   0.42432363E-01     2809.9634    
  1029.00   0.41904800E-01     2807.2375    
  1028.00   0.41382753E-01     2804.5115    
  1027.00   0.40866180E-01     2801.7856    
  1026.00   0.40355040E-01     2799.0596    
  1025.00   0.39849291E-01     2796.3336    
  1024.00   0.39348892E-01     2793.6076    
  1023.00   0.38853801E-01     2790.8817    
  1022.00   0.38363978E-01     2788.1557    
  1021.00   0.37879382E-01     2785.4297    
  1020.00   0.37399972E-01     2782.7037    
  1019.00   0.36925707E-01     2779.9776    
  1018.00   0.36456546E-01     2777.2516    
  1017.00   0.35992450E-01     2774.5256    
  1016.00   0.35533378E-01     2771.7995    
  1015.00   0.35079290E-01     2769.0735    
  1014.00   0.34630145E-01     2766.3474    
  1013.00   0.34185905E-01     2763.6213    
  1012.00   0.33746530E-01     2760.8953    
  1011.00   0.33311979E-01     2758.1692    
  1010.00   0.32882214E-01     2755.4431    
  1009.00   0.32457196E-01     2752.7170    
  1008.00   0.32036885E-01     2749.9909    
  1007.00   0.31621242E-01     2747.2647    
  1006.00   0.31210229E-01     2744.5386    
  1005.00   0.30803807E-01     2741.8124    
  1004.00   0.30401937E-01     2739.0863    
  1003.00   0.30004582E-01     2736.3601    
  1002.00   0.29611704E-01     2733.6339    
  1001.00   0.29223264E-01     2730.9077    
  1000.00   0.28839224E-01     2728.1815    
   999.00   0.28459547E-01     2725.4553    
   998.00   0.28084196E-01     2722.7291    
   997.00   0.27713133E-01     2720.0029    
   996.00   0.27346321E-01     2717.2766    
   995.00   0.26983723E-01     2714.5504    
   994.00   0.26625302E-01     2711.8241    
   993.00   0.26271023E-01     2709.0978    
   992.00   0.25920847E-01     2706.3715    
   991.00   0.25574740E-01     2703.6452    
   990.00   0.25232665E-01     2700.9189    
   989.00   0.24894586E-01     2698.1925    
   988.00   0.24560468E-01     2695.4662    
   987.00   0.24230274E-01     2692.7398    
   986.00   0.23903970E-01     2690.0134    
   985.00   0.23581520E-01     2687.2871    
   984.00   0.23262890E-01     2684.5606    
   983.00   0.22948044E-01     2681.8342    
   982.00   0.22636948E-01     2679.1078    
   981.00   0.22329567E-01     2676.3813    
   980.00   0.22025868E-01     2673.6549    
   979.00   0.21725816E-01     2670.9284    
   978.00   0.21429376E-01     2668.2019    
   977.00   0.21136516E-01     2665.4754    
   976.00   0.20847202E-01     2662.7488    
   975.00   0.20561401E-01     2660.0223    
   974.00   0.20279078E-01     2657.2957    
   973.00   0.20000202E-01     2654.5691    
   972.00   0.19724740E-01     2651.8425    
   971.00   0.19452659E-01     2649.1159    
   970.00   0.19183926E-01     2646.3893    
   969.00   0.18918509E-01     2643.6626    
   968.00   0.18656377E-01     2640.9359    
   967.00   0.18397497E-01     2638.2092    
   966.00   0.18141838E-01     2635.4825    
   965.00   0.17889368E-01     2632.7558    
   964.00   0.17640057E-01     2630.0290    
   963.00   0.17393872E-01     2627.3023    
   962.00   0.17150783E-01     2624.5755    
   961.00   0.16910759E-01     2621.8487    
   960.00   0.16673770E-01     2619.1218    
   959.00   0.16439786E-01     2616.3950    
   958.00   0.16208776E-01     2613.6681    
   957.00   0.15980710E-01     2610.9412    
   956.00   0.15755559E-01     2608.2142    
   955.00   0.15533293E-01     2605.4873    
   954.00   0.15313883E-01     2602.7603    
   953.00   0.15097299E-01     2600.0333    
   952.00   0.14883512E-01     2597.3063    
   951.00   0.14672495E-01     2594.5793    
   950.00   0.14464217E-01     2591.8522    
   949.00   0.14258651E-01     2589.1251    
   948.00   0.14055769E-01     2586.3980    
   947.00   0.13855542E-01     2583.6708    
   946.00   0.13657942E-01     2580.9436    
   945.00   0.13462943E-01     2578.2164    
   944.00   0.13270516E-01     2575.4892    
   943.00   0.13080634E-01     2572.7619    
   942.00   0.12893270E-01     2570.0347    
   941.00   0.12708397E-01     2567.3073    
   940.00   0.12525989E-01     2564.5800    
   939.00   0.12346019E-01     2561.8526    
   938.00   0.12168461E-01     2559.1252    
   937.00   0.11993288E-01     2556.3978    
   936.00   0.11820475E-01     2553.6703    
   935.00   0.11649996E-01     2550.9428    
   934.00   0.11481825E-01     2548.2153    
   933.00   0.11315937E-01     2545.4877    
   932.00   0.11152307E-01     2542.7601    
   931.00   0.10990910E-01     2540.0325    
   930.00   0.10831720E-01     2537.3048    
   929.00   0.10674714E-01     2534.5771    
   928.00   0.10519866E-01     2531.8494    
   927.00   0.10367154E-01     2529.1216    
   926.00   0.10216551E-01     2526.3938    
   925.00   0.10068036E-01     2523.6660    
   924.00   0.99215833E-02     2520.9381    
   923.00   0.97771701E-02     2518.2102    
   922.00   0.96347730E-02     2515.4822    
   921.00   0.94943689E-02     2512.7542    
   920.00   0.93559347E-02     2510.0262    
   919.00   0.92194477E-02     2507.2982    
   918.00   0.90848854E-02     2504.5700    
   917.00   0.89522252E-02     2501.8419    
   916.00   0.88214449E-02     2499.1137    
   915.00   0.86925225E-02     2496.3855    
   914.00   0.85654360E-02     2493.6572    
   913.00   0.84401639E-02     2490.9289    
   912.00   0.83166845E-02     2488.2005    
   911.00   0.81949764E-02     2485.4721    
   910.00   0.80750186E-02     2482.7437    
   909.00   0.79567901E-02     2480.0152    
   908.00   0.78402699E-02     2477.2867    
   907.00   0.77254375E-02     2474.5581    
   906.00   0.76122725E-02     2471.8295    
   905.00   0.75007544E-02     2469.1008    
   904.00   0.73908631E-02     2466.3721    
   903.00   0.72825789E-02     2463.6433    
   902.00   0.71758817E-02     2460.9145    
   901.00   0.70707521E-02     2458.1856    
   900.00   0.69671706E-02     2455.4567    
   899.00   0.68651179E-02     2452.7278    
   898.00   0.67645750E-02     2449.9988    
   897.00   0.66655229E-02     2447.2697    
   896.00   0.65679428E-02     2444.5406    
   895.00   0.64718162E-02     2441.8114    
   894.00   0.63771246E-02     2439.0822    
   893.00   0.62838498E-02     2436.3529    
   892.00   0.61919737E-02     2433.6236    
   891.00   0.61014783E-02     2430.8943    
   890.00   0.60123458E-02     2428.1648    
   889.00   0.59245587E-02     2425.4353    
   888.00   0.58380996E-02     2422.7058    
   887.00   0.57529511E-02     2419.9762    
   886.00   0.56690961E-02     2417.2466    
   885.00   0.55865075E-02     2414.4224    
   884.00   0.55051199E-02     2411.6004    
   883.00   0.54249715E-02     2408.8673    
   882.00   0.53460521E-02     2406.1344    
   881.00   0.52683454E-02     2403.3999    
   880.00   0.51918348E-02     2400.6680    
   879.00   0.51165046E-02     2397.9347    
   878.00   0.50423388E-02     2395.2005    
   877.00   0.49693211E-02     2392.4733    
   876.00   0.48974372E-02     2389.7339    
   875.00   0.48266704E-02     2387.0001    
   874.00   0.47570059E-02     2384.2663    
   873.00   0.46884284E-02     2381.5317    
   872.00   0.46209229E-02     2378.7997    
   871.00   0.45544749E-02     2376.0636    
   870.00   0.44890693E-02     2373.3292    
   869.00   0.44246917E-02     2370.5946    
   868.00   0.43613278E-02     2367.8599    
   867.00   0.42989631E-02     2365.1251    
   866.00   0.42375838E-02     2362.3901    
   865.00   0.41771758E-02     2359.6551    
   864.00   0.41177253E-02     2356.9197    
   863.00   0.40592186E-02     2354.1845    
   862.00   0.40016424E-02     2351.4487    
   861.00   0.39449830E-02     2348.7134    
   860.00   0.38892274E-02     2345.9772    
   859.00   0.38343624E-02     2343.2417    
   858.00   0.37803752E-02     2340.5053    
   857.00   0.37272528E-02     2337.7693    
   856.00   0.36749828E-02     2335.0328    
   855.00   0.36235524E-02     2332.2964    
   854.00   0.35729493E-02     2329.5597    
   853.00   0.35231613E-02     2326.8229    
   852.00   0.34741763E-02     2324.0860    
   851.00   0.34259823E-02     2321.3489    
   850.00   0.33785674E-02     2318.6116    
   849.00   0.33319200E-02     2315.8742    
   848.00   0.32860285E-02     2313.1367    
   847.00   0.32408814E-02     2310.3990    
   846.00   0.31964674E-02     2307.6611    
   845.00   0.31527754E-02     2304.9231    
   844.00   0.31097944E-02     2302.1849    
   843.00   0.30675133E-02     2299.4466    
   842.00   0.30259215E-02     2296.7081    
   841.00   0.29850082E-02     2293.9694    
   840.00   0.29447630E-02     2291.2306    
   839.00   0.29051754E-02     2288.4916    
   838.00   0.28662352E-02     2285.7525    
   837.00   0.28279323E-02     2283.0132    
   836.00   0.27902565E-02     2280.2737    
   835.00   0.27531981E-02     2277.5341    
   834.00   0.27167472E-02     2274.7943    
   833.00   0.26808942E-02     2272.0543    
   832.00   0.26456296E-02     2269.3142    
   831.00   0.26109439E-02     2266.5739    
   830.00   0.25768279E-02     2263.8335    
   829.00   0.25432725E-02     2261.0928    
   828.00   0.25102684E-02     2258.3520    
   827.00   0.24778069E-02     2255.6111    
   826.00   0.24458791E-02     2252.8699    
   825.00   0.24144763E-02     2250.1286    
   824.00   0.23835900E-02     2247.3871    
   823.00   0.23532116E-02     2244.6455    
   822.00   0.23233329E-02     2241.9037    
   821.00   0.22939455E-02     2239.1617    
   820.00   0.22650414E-02     2236.4195    
   819.00   0.22366126E-02     2233.6772    
   818.00   0.22086510E-02     2230.9347    
   817.00   0.21811491E-02     2228.1920    
   816.00   0.21540989E-02     2225.4492    
   815.00   0.21274931E-02     2222.7061    
   814.00   0.21013241E-02     2219.9629    
   813.00   0.20755845E-02     2217.2196    
   812.00   0.20502671E-02     2214.4760    
   811.00   0.20253648E-02     2211.7323    
   810.00   0.20008704E-02     2208.9884    
   809.00   0.19767771E-02     2206.2443    
   808.00   0.19530780E-02     2203.5001    
   807.00   0.19297664E-02     2200.7557    
   806.00   0.19068356E-02     2198.0111    
   805.00   0.18842790E-02     2195.2663    
   804.00   0.18620903E-02     2192.5214    
   803.00   0.18402631E-02     2189.7763    
   802.00   0.18187911E-02     2187.0310    
   801.00   0.17976682E-02     2184.2855    
   800.00   0.17768883E-02     2181.5399    
   799.00   0.17564455E-02     2178.7941    
   798.00   0.17363339E-02     2176.0481    
   797.00   0.17165477E-02     2173.3020    
   796.00   0.16970812E-02     2170.5557    
   795.00   0.16779288E-02     2167.8092    
   794.00   0.16590850E-02     2165.0625    
   793.00   0.16405444E-02     2162.3157    
   792.00   0.16223016E-02     2159.5687    
   791.00   0.16043515E-02     2156.8215    
   790.00   0.15866888E-02     2154.0741    
   789.00   0.15693084E-02     2151.3266    
   788.00   0.15522054E-02     2148.5789    
   787.00   0.15353749E-02     2145.8310    
   786.00   0.15188119E-02     2143.0830    
   785.00   0.15025119E-02     2140.3348    
   784.00   0.14864700E-02     2137.5864    
   783.00   0.14706817E-02     2134.8379    
   782.00   0.14551425E-02     2132.0892    
   781.00   0.14398480E-02     2129.3403    
   780.00   0.14247937E-02     2126.5913    
   779.00   0.14099754E-02     2123.8421    
   778.00   0.13953889E-02     2121.0927    
   777.00   0.13810301E-02     2118.3432    
   776.00   0.13668947E-02     2115.5935    
   775.00   0.13529790E-02     2112.8436    
   774.00   0.13392789E-02     2110.0936    
   773.00   0.13257905E-02     2107.3434    
   772.00   0.13125101E-02     2104.5930    
   771.00   0.12994340E-02     2101.8425    
   770.00   0.12865584E-02     2099.0918    
   769.00   0.12738798E-02     2096.3410    
   768.00   0.12613947E-02     2093.5900    
   767.00   0.12490995E-02     2090.8388    
   766.00   0.12369909E-02     2088.0875    
   765.00   0.12250656E-02     2085.3360    
   764.00   0.12133202E-02     2082.5843    
   763.00   0.12017515E-02     2079.8325    
   762.00   0.11903563E-02     2077.0806    
   761.00   0.11791316E-02     2074.3284    
   760.00   0.11680743E-02     2071.5762    
   759.00   0.11571814E-02     2068.8237    
   758.00   0.11464499E-02     2066.0711    
   757.00   0.11358770E-02     2063.3184    
   756.00   0.11254598E-02     2060.5655    
   755.00   0.11151955E-02     2057.8124    
   754.00   0.11050815E-02     2055.0592    
   753.00   0.10951149E-02     2052.3058    
   752.00   0.10852933E-02     2049.5523    
   751.00   0.10756140E-02     2046.7986    
   750.00   0.10660744E-02     2044.0448    
   749.00   0.10566722E-02     2041.2908    
   748.00   0.10474048E-02     2038.5367    
   747.00   0.10382698E-02     2035.7824    
   746.00   0.10292650E-02     2033.0279    
   745.00   0.10203879E-02     2030.2733    
   744.00   0.10116364E-02     2027.5186    
   743.00   0.10030083E-02     2024.7637    
   742.00   0.99450125E-03     2022.0086    
   741.00   0.98611323E-03     2019.2534    
   740.00   0.97784213E-03     2016.4981    
   739.00   0.96968589E-03     2013.7426    
   738.00   0.96164248E-03     2010.9870    
   737.00   0.95370994E-03     2008.2312    
   736.00   0.94588633E-03     2005.4752    
   735.00   0.93816973E-03     2002.7191    
   734.00   0.93055828E-03     1999.9629    
   733.00   0.92305015E-03     1997.2065    
   732.00   0.91564354E-03     1994.4500    
   731.00   0.90833669E-03     1991.6933    
   730.00   0.90112787E-03     1988.9365    
   729.00   0.89401538E-03     1986.1795    
   728.00   0.88699757E-03     1983.4224    
   727.00   0.88007278E-03     1980.6651    
   726.00   0.87323944E-03     1977.9077    
   725.00   0.86649596E-03     1975.1501    
   724.00   0.85984081E-03     1972.3924    
   723.00   0.85327247E-03     1969.6346    
   722.00   0.84678946E-03     1966.8766    
   721.00   0.84039034E-03     1964.1184    
   720.00   0.83407367E-03     1961.3601    
   719.00   0.82783806E-03     1958.6017    
   718.00   0.82168213E-03     1955.8431    
   717.00   0.81560453E-03     1953.0844    
   716.00   0.80960396E-03     1950.3255    
   715.00   0.80367911E-03     1947.5665    
   714.00   0.79782872E-03     1944.8073    
   713.00   0.79205154E-03     1942.0480    
   712.00   0.78634634E-03     1939.2886    
   711.00   0.78071193E-03     1936.5290    
   710.00   0.77514713E-03     1933.7693    
   709.00   0.76965079E-03     1931.0094    
   708.00   0.76422179E-03     1928.2493    
   707.00   0.75885899E-03     1925.4892    
   706.00   0.75356133E-03     1922.7288    
   705.00   0.74832773E-03     1919.9684    
   704.00   0.74315714E-03     1917.2077    
   703.00   0.73804854E-03     1914.4470    
   702.00   0.73300092E-03     1911.6861    
   701.00   0.72801328E-03     1908.9250    
   700.00   0.72308466E-03     1906.1638    
   699.00   0.71821410E-03     1903.4025    
   698.00   0.71340067E-03     1900.6410    
   697.00   0.70864346E-03     1897.8794    
   696.00   0.70394156E-03     1895.1176    
   695.00   0.69929409E-03     1892.3556    
   694.00   0.69470018E-03     1889.5936    
   693.00   0.69015899E-03     1886.8313    
   692.00   0.68566968E-03     1884.0690    
   691.00   0.68123143E-03     1881.3065    
   690.00   0.67684344E-03     1878.5438    
   689.00   0.67250492E-03     1875.7810    
   688.00   0.66821509E-03     1873.0180    
   687.00   0.66397321E-03     1870.2549    
   686.00   0.65977851E-03     1867.4916    
   685.00   0.65563028E-03     1864.7282    
   684.00   0.65152779E-03     1861.9647    
   683.00   0.64747034E-03     1859.2009    
   682.00   0.64345724E-03     1856.4371    
   681.00   0.63948781E-03     1853.6731    
   680.00   0.63556138E-03     1850.9089    
   679.00   0.63167730E-03     1848.1446    
   678.00   0.62783492E-03     1845.3801    
   677.00   0.62403362E-03     1842.6155    
   676.00   0.62027278E-03     1839.8507    
   675.00   0.61655178E-03     1837.0858    
   674.00   0.61287004E-03     1834.3207    
   673.00   0.60922697E-03     1831.5555    
   672.00   0.60562199E-03     1828.7901    
   671.00   0.60205453E-03     1826.0246    
   670.00   0.59852405E-03     1823.2589    
   669.00   0.59503000E-03     1820.4930    
   668.00   0.59157183E-03     1817.7270    
   667.00   0.58814904E-03     1814.9609    
   666.00   0.58476110E-03     1812.1946    
   665.00   0.58140750E-03     1809.4281    
   664.00   0.57808775E-03     1806.6614    
   663.00   0.57480135E-03     1803.8947    
   662.00   0.57154784E-03     1801.1277    
   661.00   0.56832673E-03     1798.3606    
   660.00   0.56513757E-03     1795.5933    
   659.00   0.56197990E-03     1792.8259    
   658.00   0.55885326E-03     1790.0583    
   657.00   0.55575723E-03     1787.2906    
   656.00   0.55269137E-03     1784.5226    
   655.00   0.54965525E-03     1781.7546    
   654.00   0.54664846E-03     1778.9863    
   653.00   0.54367059E-03     1776.2179    
   652.00   0.54072124E-03     1773.4494    
   651.00   0.53780001E-03     1770.6806    
   650.00   0.53490652E-03     1767.9117    
   649.00   0.53204037E-03     1765.1427    
   648.00   0.52920121E-03     1762.3734    
   647.00   0.52638864E-03     1759.6040    
   646.00   0.52360233E-03     1756.8345    
   645.00   0.52084190E-03     1754.0647    
   644.00   0.51810700E-03     1751.2948    
   643.00   0.51539731E-03     1748.5248    
   642.00   0.51271246E-03     1745.7545    
   641.00   0.51005213E-03     1742.9841    
   640.00   0.50741600E-03     1740.2135    
   639.00   0.50480374E-03     1737.4428    
   638.00   0.50221504E-03     1734.6718    
   637.00   0.49964958E-03     1731.9007    
   636.00   0.49710706E-03     1729.1294    
   635.00   0.49458718E-03     1726.3580    
   634.00   0.49208963E-03     1723.5864    
   633.00   0.48961414E-03     1720.8146    
   632.00   0.48716041E-03     1718.0426    
   631.00   0.48472816E-03     1715.2704    
   630.00   0.48231712E-03     1712.4981    
   629.00   0.47992701E-03     1709.7255    
   628.00   0.47755757E-03     1706.9528    
   627.00   0.47520852E-03     1704.1800    
   626.00   0.47287962E-03     1701.4069    
   625.00   0.47057061E-03     1698.6336    
   624.00   0.46828123E-03     1695.8602    
   623.00   0.46601124E-03     1693.0866    
   622.00   0.46376039E-03     1690.3128    
   621.00   0.46152845E-03     1687.5388    
   620.00   0.45931518E-03     1684.7646    
   619.00   0.45712036E-03     1681.9903    
   618.00   0.45494374E-03     1679.2157    
   617.00   0.45278511E-03     1676.4410    
   616.00   0.45064424E-03     1673.6660    
   615.00   0.44852092E-03     1670.8909    
   614.00   0.44641494E-03     1668.1156    
   613.00   0.44432608E-03     1665.3401    
   612.00   0.44225414E-03     1662.5644    
   611.00   0.44019891E-03     1659.7885    
   610.00   0.43816019E-03     1657.0124    
   609.00   0.43613779E-03     1654.2361    
   608.00   0.43413150E-03     1651.4596    
   607.00   0.43214114E-03     1648.6830    
   606.00   0.43016652E-03     1645.9061    
   605.00   0.42820745E-03     1643.1290    
   604.00   0.42626376E-03     1640.3517    
   603.00   0.42433525E-03     1637.5742    
   602.00   0.42242175E-03     1634.7966    
   601.00   0.42052308E-03     1632.0187    
   600.00   0.41863908E-03     1629.2406    
   599.00   0.41676958E-03     1626.4623    
   598.00   0.41491440E-03     1623.6838    
   597.00   0.41307338E-03     1620.9051    
   596.00   0.41124636E-03     1618.1261    
   595.00   0.40943318E-03     1615.3470    
   594.00   0.40763369E-03     1612.5677    
   593.00   0.40584772E-03     1609.7881    
   592.00   0.40407513E-03     1607.0084    
   591.00   0.40231576E-03     1604.2284    
   590.00   0.40056946E-03     1601.4482    
   589.00   0.39883609E-03     1598.6678    
   588.00   0.39711551E-03     1595.8872    
   587.00   0.39540757E-03     1593.1063    
   586.00   0.39371214E-03     1590.3253    
   585.00   0.39202906E-03     1587.5440    
   584.00   0.39035822E-03     1584.7625    
   583.00   0.38869947E-03     1581.9808    
   582.00   0.38705268E-03     1579.1988    
   581.00   0.38541773E-03     1576.4167    
   580.00   0.38379448E-03     1573.6343    
   579.00   0.38218280E-03     1570.8516    
   578.00   0.38058258E-03     1568.0688    
   577.00   0.37899368E-03     1565.2857    
   576.00   0.37741600E-03     1562.5024    
   575.00   0.37584940E-03     1559.7189    
   574.00   0.37429377E-03     1556.9351    
   573.00   0.37274899E-03     1554.1511    
   572.00   0.37121496E-03     1551.3669    
   571.00   0.36969154E-03     1548.5824    
   570.00   0.36817865E-03     1545.7977    
   569.00   0.36667615E-03     1543.0128    
   568.00   0.36518395E-03     1540.2276    
   567.00   0.36370194E-03     1537.4422    
   566.00   0.36223001E-03     1534.6565    
   565.00   0.36076806E-03     1531.8706    
   564.00   0.35931599E-03     1529.0845    
   563.00   0.35787369E-03     1526.2981    
   562.00   0.35644106E-03     1523.5115    
   561.00   0.35501801E-03     1520.7246    
   560.00   0.35360444E-03     1517.9375    
   559.00   0.35220024E-03     1515.1501    
   558.00   0.35080534E-03     1512.3625    
   557.00   0.34941963E-03     1509.5746    
   556.00   0.34804302E-03     1506.7865    
   555.00   0.34667541E-03     1503.9981    
   554.00   0.34531673E-03     1501.2094    
   553.00   0.34396688E-03     1498.4205    
   552.00   0.34262577E-03     1495.6314    
   551.00   0.34129332E-03     1492.8420    
   550.00   0.33996945E-03     1490.0523    
   549.00   0.33865405E-03     1487.2624    
   548.00   0.33734707E-03     1484.4722    
   547.00   0.33604840E-03     1481.6817    
   546.00   0.33475798E-03     1478.8910    
   545.00   0.33347572E-03     1476.1000    
   544.00   0.33220154E-03     1473.3087    
   543.00   0.33093536E-03     1470.5172    
   542.00   0.32967711E-03     1467.7254    
   541.00   0.32842671E-03     1464.9333    
   540.00   0.32718409E-03     1462.1409    
   539.00   0.32594917E-03     1459.3483    
   538.00   0.32472188E-03     1456.5554    
   537.00   0.32350215E-03     1453.7622    
   536.00   0.32228990E-03     1450.9687    
   535.00   0.32108506E-03     1448.1750    
   534.00   0.31988757E-03     1445.3810    
   533.00   0.31869736E-03     1442.5867    
   532.00   0.31751435E-03     1439.7921    
   531.00   0.31633848E-03     1436.9972    
   530.00   0.31516969E-03     1434.2020    
   529.00   0.31400791E-03     1431.4065    
   528.00   0.31285308E-03     1428.6108    
   527.00   0.31170512E-03     1425.8147    
   526.00   0.31056398E-03     1423.0184    
   525.00   0.30942960E-03     1420.2218    
   524.00   0.30830191E-03     1417.4248    
   523.00   0.30718085E-03     1414.6276    
   522.00   0.30606637E-03     1411.8301    
   521.00   0.30495839E-03     1409.0322    
   520.00   0.30385688E-03     1406.2341    
   519.00   0.30276175E-03     1403.4356    
   518.00   0.30167297E-03     1400.6369    
   517.00   0.30059047E-03     1397.8378    
   516.00   0.29951420E-03     1395.0385    
   515.00   0.29844409E-03     1392.2388    
   514.00   0.29738010E-03     1389.4388    
   513.00   0.29632218E-03     1386.6385    
   512.00   0.29527026E-03     1383.8379    
   511.00   0.29422430E-03     1381.0369    
   510.00   0.29318424E-03     1378.2357    
   509.00   0.29215003E-03     1375.4341    
   508.00   0.29112163E-03     1372.6322    
   507.00   0.29009897E-03     1369.8300    
   506.00   0.28908202E-03     1367.0274    
   505.00   0.28807071E-03     1364.2245    
   504.00   0.28706501E-03     1361.4213    
   503.00   0.28606486E-03     1358.6178    
   502.00   0.28507022E-03     1355.8139    
   501.00   0.28408103E-03     1353.0097    
   500.00   0.28309726E-03     1350.2051    
   499.00   0.28211886E-03     1347.4003    
   498.00   0.28114577E-03     1344.5950    
   497.00   0.28017797E-03     1341.7895    
   496.00   0.27921539E-03     1338.9836    
   495.00   0.27825800E-03     1336.1773    
   494.00   0.27730575E-03     1333.3707    
   493.00   0.27635861E-03     1330.5637    
   492.00   0.27541652E-03     1327.7564    
   491.00   0.27447944E-03     1324.9488    
   490.00   0.27354734E-03     1322.1408    
   489.00   0.27262018E-03     1319.3324    
   488.00   0.27169790E-03     1316.5237    
   487.00   0.27078048E-03     1313.7146    
   486.00   0.26986787E-03     1310.9052    
   485.00   0.26896002E-03     1308.0954    
   484.00   0.26805692E-03     1305.2852    
   483.00   0.26715850E-03     1302.4746    
   482.00   0.26626474E-03     1299.6637    
   481.00   0.26537560E-03     1296.8524    
   480.00   0.26449104E-03     1294.0408    
   479.00   0.26361102E-03     1291.2288    
   478.00   0.26273551E-03     1288.4163    
   477.00   0.26186447E-03     1285.6036    
   476.00   0.26099786E-03     1282.7904    
   475.00   0.26013566E-03     1279.9768    
   474.00   0.25927781E-03     1277.1629    
   473.00   0.25842430E-03     1274.3486    
   472.00   0.25757508E-03     1271.5339    
   471.00   0.25673011E-03     1268.7187    
   470.00   0.25588938E-03     1265.9032    
   469.00   0.25505284E-03     1263.0873    
   468.00   0.25422046E-03     1260.2711    
   467.00   0.25339220E-03     1257.4544    
   466.00   0.25256804E-03     1254.6373    
   465.00   0.25174795E-03     1251.8198    
   464.00   0.25093188E-03     1249.0019    
   463.00   0.25011981E-03     1246.1835    
   462.00   0.24931172E-03     1243.3648    
   461.00   0.24850756E-03     1240.5457    
   460.00   0.24770730E-03     1237.7261    
   459.00   0.24691093E-03     1234.9061    
   458.00   0.24611840E-03     1232.0858    
   457.00   0.24532969E-03     1229.2649    
   456.00   0.24454477E-03     1226.4437    
   455.00   0.24376360E-03     1223.6220    
   454.00   0.24298617E-03     1220.8000    
   453.00   0.24221244E-03     1217.9774    
   452.00   0.24144239E-03     1215.1545    
   451.00   0.24067598E-03     1212.3311    
   450.00   0.23991318E-03     1209.5073    
   449.00   0.23915398E-03     1206.6830    
   448.00   0.23839835E-03     1203.8583    
   447.00   0.23764625E-03     1201.0331    
   446.00   0.23689766E-03     1198.2075    
   445.00   0.23615256E-03     1195.3815    
   444.00   0.23541091E-03     1192.5550    
   443.00   0.23467270E-03     1189.7280    
   442.00   0.23393789E-03     1186.9006    
   441.00   0.23320647E-03     1184.0728    
   440.00   0.23247840E-03     1181.2444    
   439.00   0.23175366E-03     1178.4156    
   438.00   0.23103224E-03     1175.5864    
   437.00   0.23031409E-03     1172.7566    
   436.00   0.22959920E-03     1169.9264    
   435.00   0.22888755E-03     1167.0958    
   434.00   0.22817911E-03     1164.2646    
   433.00   0.22747386E-03     1161.4330    
   432.00   0.22677177E-03     1158.6009    
   431.00   0.22607282E-03     1155.7683    
   430.00   0.22537699E-03     1152.9352    
   429.00   0.22468425E-03     1150.1016    
   428.00   0.22399459E-03     1147.2676    
   427.00   0.22330799E-03     1144.4330    
   426.00   0.22262441E-03     1141.5980    
   425.00   0.22194383E-03     1138.7624    
   424.00   0.22126625E-03     1135.9264    
   423.00   0.22059163E-03     1133.0898    
   422.00   0.21991995E-03     1130.2527    
   421.00   0.21925119E-03     1127.4152    
   420.00   0.21858533E-03     1124.5771    
   419.00   0.21792236E-03     1121.7385    
   418.00   0.21726225E-03     1118.8994    
   417.00   0.21660497E-03     1116.0597    
   416.00   0.21595052E-03     1113.2195    
   415.00   0.21529886E-03     1110.3789    
   414.00   0.21464999E-03     1107.5376    
   413.00   0.21400387E-03     1104.6959    
   412.00   0.21336050E-03     1101.8536    
   411.00   0.21271985E-03     1099.0108    
   410.00   0.21208190E-03     1096.1674    
   409.00   0.21144664E-03     1093.3235    
   408.00   0.21081404E-03     1090.4790    
   407.00   0.21018409E-03     1087.6340    
   406.00   0.20955676E-03     1084.7885    
   405.00   0.20893205E-03     1081.9423    
   404.00   0.20830993E-03     1079.0957    
   403.00   0.20769038E-03     1076.2484    
   402.00   0.20707339E-03     1073.4007    
   401.00   0.20645894E-03     1070.5523    
   400.00   0.20584700E-03     1067.7034    
   399.00   0.20523758E-03     1064.8539    
   398.00   0.20463063E-03     1062.0038    
   397.00   0.20402616E-03     1059.1531    
   396.00   0.20342414E-03     1056.3019    
   395.00   0.20282456E-03     1053.4501    
   394.00   0.20222739E-03     1050.5976    
   393.00   0.20163263E-03     1047.7446    
   392.00   0.20104026E-03     1044.8910    
   391.00   0.20045025E-03     1042.0368    
   390.00   0.19986260E-03     1039.1821    
   389.00   0.19927728E-03     1036.3267    
   388.00   0.19869429E-03     1033.4707    
   387.00   0.19811361E-03     1030.6140    
   386.00   0.19753521E-03     1027.7568    
   385.00   0.19695910E-03     1024.8990    
   384.00   0.19638524E-03     1022.0405    
   383.00   0.19581363E-03     1019.1814    
   382.00   0.19524424E-03     1016.3217    
   381.00   0.19467708E-03     1013.4614    
   380.00   0.19411211E-03     1010.6004    
   379.00   0.19354933E-03     1007.7388    
   378.00   0.19298872E-03     1004.8766    
   377.00   0.19243026E-03     1002.0137    
   376.00   0.19187395E-03     999.15018    
   375.00   0.19131976E-03     996.28600    
   374.00   0.19076769E-03     993.42118    
   373.00   0.19021772E-03     990.55570    
   372.00   0.18966984E-03     987.68956    
   371.00   0.18912403E-03     984.82276    
   370.00   0.18858027E-03     981.95530    
   369.00   0.18803856E-03     979.08717    
   368.00   0.18749888E-03     976.21836    
   367.00   0.18696122E-03     973.34889    
   366.00   0.18642557E-03     970.47873    
   365.00   0.18589190E-03     967.60789    
   364.00   0.18536022E-03     964.73637    
   363.00   0.18483050E-03     961.86416    
   362.00   0.18430273E-03     958.99126    
   361.00   0.18377690E-03     956.11766    
   360.00   0.18325300E-03     953.24337    
   359.00   0.18273101E-03     950.36837    
   358.00   0.18221093E-03     947.49267    
   357.00   0.18169273E-03     944.61626    
   356.00   0.18117641E-03     941.73913    
   355.00   0.18066196E-03     938.86129    
   354.00   0.18014936E-03     935.98274    
   353.00   0.17963860E-03     933.10345    
   352.00   0.17912967E-03     930.22345    
   351.00   0.17862256E-03     927.34271    
   350.00   0.17811725E-03     924.46124    
   349.00   0.17761374E-03     921.57903    
   348.00   0.17711200E-03     918.69608    
   347.00   0.17661204E-03     915.81239    
   346.00   0.17611384E-03     912.92795    
   345.00   0.17561738E-03     910.04276    
   344.00   0.17512266E-03     907.15682    
   343.00   0.17462967E-03     904.27012    
   342.00   0.17413839E-03     901.38266    
   341.00   0.17364881E-03     898.49443    
   340.00   0.17316093E-03     895.60543    
   339.00   0.17267473E-03     892.71566    
   338.00   0.17219019E-03     889.82512    
   337.00   0.17170732E-03     886.93379    
   336.00   0.17122610E-03     884.04169    
   335.00   0.17074651E-03     881.14879    
   334.00   0.17026855E-03     878.25511    
   333.00   0.16979221E-03     875.36063    
   332.00   0.16931747E-03     872.46536    
   331.00   0.16884434E-03     869.56929    
   330.00   0.16837279E-03     866.67241    
   329.00   0.16790281E-03     863.77472    
   328.00   0.16743440E-03     860.87623    
   327.00   0.16696755E-03     857.97691    
   326.00   0.16650224E-03     855.07679    
   325.00   0.16603847E-03     852.17583    
   324.00   0.16557623E-03     849.27406    
   323.00   0.16511550E-03     846.37145    
   322.00   0.16465628E-03     843.46801    
   321.00   0.16419856E-03     840.56374    
   320.00   0.16374232E-03     837.65863    
   319.00   0.16328757E-03     834.75267    
   318.00   0.16283428E-03     831.84587    
   317.00   0.16238245E-03     828.93822    
   316.00   0.16193207E-03     826.02971    
   315.00   0.16148313E-03     823.12035    
   314.00   0.16103563E-03     820.21013    
   313.00   0.16058954E-03     817.29904    
   312.00   0.16014487E-03     814.38709    
   311.00   0.15970160E-03     811.47427    
   310.00   0.15925973E-03     808.56057    
   309.00   0.15881925E-03     805.64600    
   308.00   0.15838014E-03     802.73054    
   307.00   0.15794240E-03     799.81421    
   306.00   0.15750602E-03     796.89698    
   305.00   0.15707099E-03     793.97887    
   304.00   0.15663730E-03     791.05986    
   303.00   0.15620495E-03     788.13996    
   302.00   0.15577392E-03     785.21916    
   301.00   0.15534420E-03     782.29745    
   300.00   0.15491580E-03     779.37484    
   299.00   0.15448870E-03     776.45131    
   298.00   0.15406288E-03     773.52688    
   297.00   0.15363835E-03     770.60153    
   296.00   0.15321510E-03     767.67526    
   295.00   0.15279311E-03     764.74808    
   294.00   0.15237237E-03     761.81996    
   293.00   0.15195289E-03     758.89092    
   292.00   0.15153465E-03     755.96095    
   291.00   0.15111765E-03     753.03005    
   290.00   0.15070186E-03     750.09821    
   289.00   0.15028730E-03     747.16543    
   288.00   0.14987395E-03     744.23172    
   287.00   0.14946180E-03     741.29706    
   286.00   0.14905084E-03     738.36145    
   285.00   0.14864107E-03     735.42489    
   284.00   0.14823248E-03     732.48738    
   283.00   0.14782506E-03     729.54892    
   282.00   0.14741880E-03     726.60950    
   281.00   0.14701370E-03     723.66913    
   280.00   0.14660974E-03     720.72779    
   279.00   0.14620693E-03     717.78549    
   278.00   0.14580524E-03     714.84222    
   277.00   0.14540469E-03     711.89799    
   276.00   0.14500525E-03     708.95279    
   275.00   0.14460692E-03     706.00662    
   274.00   0.14420969E-03     703.05947    
   273.00   0.14381356E-03     700.11135    
   272.00   0.14341852E-03     697.16225    
   271.00   0.14302456E-03     694.21217    
   270.00   0.14263167E-03     691.26112    
   269.00   0.14223985E-03     688.30908    
   268.00   0.14184908E-03     685.35606    
   267.00   0.14145937E-03     682.40205    
   266.00   0.14107071E-03     679.44706    
   265.00   0.14068308E-03     676.49109    
   264.00   0.14029648E-03     673.53412    
   263.00   0.13991091E-03     670.57617    
   262.00   0.13952635E-03     667.61723    
   261.00   0.13914281E-03     664.65730    
   260.00   0.13876026E-03     661.69637    
   259.00   0.13837871E-03     658.73446    
   258.00   0.13799815E-03     655.77156    
   257.00   0.13761858E-03     652.80766    
   256.00   0.13723997E-03     649.84277    
   255.00   0.13686234E-03     646.87689    
   254.00   0.13648567E-03     643.91002    
   253.00   0.13610995E-03     640.94215    
   252.00   0.13573518E-03     637.97330    
   251.00   0.13536135E-03     635.00345    
   250.00   0.13498846E-03     632.03262    
   249.00   0.13461649E-03     629.06079    
   248.00   0.13424545E-03     626.08798    
   247.00   0.13387532E-03     623.11418    
   246.00   0.13350610E-03     620.13939    
   245.00   0.13313777E-03     617.16362    
   244.00   0.13277035E-03     614.18687    
   243.00   0.13240381E-03     611.20913    
   242.00   0.13203816E-03     608.23042    
   241.00   0.13167338E-03     605.25073    
   240.00   0.13130946E-03     602.27006    
   239.00   0.13094641E-03     599.28843    
   238.00   0.13058422E-03     596.30582    
   237.00   0.13022288E-03     593.32225    
   236.00   0.12986238E-03     590.33771    
   235.00   0.12950271E-03     587.35222    
   234.00   0.12914388E-03     584.36577    
   233.00   0.12878587E-03     581.37836    
   232.00   0.12842867E-03     578.39001    
   231.00   0.12807229E-03     575.40071    
   230.00   0.12771671E-03     572.41047    
   229.00   0.12736194E-03     569.41930    
   228.00   0.12700795E-03     566.42720    
   227.00   0.12665475E-03     563.43418    
   226.00   0.12630233E-03     560.44023    
   225.00   0.12595068E-03     557.44537    
   224.00   0.12559980E-03     554.44961    
   223.00   0.12524968E-03     551.45294    
   222.00   0.12490032E-03     548.45538    
   221.00   0.12455170E-03     545.45694    
   220.00   0.12420382E-03     542.45761    
   219.00   0.12385669E-03     539.45741    
   218.00   0.12351028E-03     536.45635    
   217.00   0.12316459E-03     533.45444    
   216.00   0.12281963E-03     530.45167    
   215.00   0.12247537E-03     527.44807    
   214.00   0.12213182E-03     524.44364    
   213.00   0.12178896E-03     521.43839    
   212.00   0.12144681E-03     518.43233    
   211.00   0.12110533E-03     515.42547    
   210.00   0.12076454E-03     512.41783    
   209.00   0.12042442E-03     509.40941    
   208.00   0.12008497E-03     506.40023    
   207.00   0.11974618E-03     503.39029    
   206.00   0.11940805E-03     500.37962    
   205.00   0.11907057E-03     497.36822    
   204.00   0.11873373E-03     494.35610    
   203.00   0.11839753E-03     491.34329    
   202.00   0.11806196E-03     488.32979    
   201.00   0.11772701E-03     485.31563    
   200.00   0.11739269E-03     482.30081    
   199.00   0.11705897E-03     479.28535    
   198.00   0.11672587E-03     476.26927    
   197.00   0.11639336E-03     473.25259    
   196.00   0.11606145E-03     470.23532    
   195.00   0.11573013E-03     467.21749    
   194.00   0.11539939E-03     464.19910    
   193.00   0.11506922E-03     461.18018    
   192.00   0.11473963E-03     458.16076    
   191.00   0.11441059E-03     455.14084    
   190.00   0.11408212E-03     452.12046    
   189.00   0.11375420E-03     449.09963    
   188.00   0.11342682E-03     446.07838    
   187.00   0.11309998E-03     443.05673    
   186.00   0.11277368E-03     440.03470    
   185.00   0.11244790E-03     437.01232    
   184.00   0.11212264E-03     433.98961    
   183.00   0.11179789E-03     430.96661    
   182.00   0.11147366E-03     427.94333    
   181.00   0.11114992E-03     424.91981    
   180.00   0.11082668E-03     421.89607    
   179.00   0.11050393E-03     418.87214    
   178.00   0.11018166E-03     415.84806    
   177.00   0.10985986E-03     412.82385    
   176.00   0.10953854E-03     409.79955    
   175.00   0.10921768E-03     406.77519    
   174.00   0.10889728E-03     403.75080    
   173.00   0.10857733E-03     400.72642    
   172.00   0.10825782E-03     397.70209    
   171.00   0.10793875E-03     394.67783    
   170.00   0.10762011E-03     391.65369    
   169.00   0.10730190E-03     388.62972    
   168.00   0.10698410E-03     385.60594    
   167.00   0.10666672E-03     382.58239    
   166.00   0.10634974E-03     379.55913    
   165.00   0.10603316E-03     376.53619    
   164.00   0.10571698E-03     373.51362    
   163.00   0.10540117E-03     370.49146    
   162.00   0.10508575E-03     367.46977    
   161.00   0.10477070E-03     364.44858    
   160.00   0.10445602E-03     361.42795    
   159.00   0.10414169E-03     358.40793    
   158.00   0.10382772E-03     355.38856    
   157.00   0.10351409E-03     352.36992    
   156.00   0.10320080E-03     349.35204    
   155.00   0.10288784E-03     346.33498    
   154.00   0.10257521E-03     343.31881    
   153.00   0.10226290E-03     340.30357    
   152.00   0.10195089E-03     337.28934    
   151.00   0.10163919E-03     334.27617    
   150.00   0.10132779E-03     331.26413    
   149.00   0.10101667E-03     328.25328    
   148.00   0.10070584E-03     325.24370    
   147.00   0.10039529E-03     322.23543    
   146.00   0.10008500E-03     319.22857    
   145.00   0.99774972E-04     316.22318    
   144.00   0.99465199E-04     313.21933    
   143.00   0.99155674E-04     310.21711    
   142.00   0.98846387E-04     307.21658    
   141.00   0.98537333E-04     304.21783    
   140.00   0.98228503E-04     301.22094    
   139.00   0.97919889E-04     298.22599    
   138.00   0.97611486E-04     295.23307    
   137.00   0.97303284E-04     292.24226    
   136.00   0.96995276E-04     289.25366    
   135.00   0.96687455E-04     286.26736    
   134.00   0.96379812E-04     283.28346    
   133.00   0.96072341E-04     280.30204    
   132.00   0.95765033E-04     277.32321    
   131.00   0.95457880E-04     274.34707    
   130.00   0.95150875E-04     271.37372    
   129.00   0.94844009E-04     268.40327    
   128.00   0.94537274E-04     265.43583    
   127.00   0.94230663E-04     262.47151    
   126.00   0.93924167E-04     259.51042    
   125.00   0.93617777E-04     256.55269    
   124.00   0.93311486E-04     253.59842    
   123.00   0.93005286E-04     250.64775    
   122.00   0.92699167E-04     247.70079    
   121.00   0.92393122E-04     244.75768    
   120.00   0.92087141E-04     241.81855    
   119.00   0.91781217E-04     238.88353    
   118.00   0.91475340E-04     235.95276    
   117.00   0.91169502E-04     233.02638    
   116.00   0.90863695E-04     230.10453    
   115.00   0.90557908E-04     227.18736    
   114.00   0.90252134E-04     224.27503    
   113.00   0.89946363E-04     221.36767    
   112.00   0.89640586E-04     218.46547    
   111.00   0.89334795E-04     215.56856    
   110.00   0.89028979E-04     212.67713    
   109.00   0.88723130E-04     209.79134    
   108.00   0.88417239E-04     206.91135    
   107.00   0.88111295E-04     204.03736    
   106.00   0.87805290E-04     201.16953    
   105.00   0.87499214E-04     198.30805    
   104.00   0.87193057E-04     195.45311    
   103.00   0.86886809E-04     192.60491    
   102.00   0.86580461E-04     189.76364    
   101.00   0.86274004E-04     186.92951    
   100.00   0.85967426E-04     184.10271    
    99.00   0.85660718E-04     181.28346    
    98.00   0.85353871E-04     178.47198    
    97.00   0.85046873E-04     175.66849    
    96.00   0.84739715E-04     172.87320    
    95.00   0.84432386E-04     170.08636    
    94.00   0.84124877E-04     167.30819    
    93.00   0.83817176E-04     164.53894    
    92.00   0.83509274E-04     161.77885    
    91.00   0.83201159E-04     159.02817    
    90.00   0.82892821E-04     156.28716    
    89.00   0.82584250E-04     153.55608    
    88.00   0.82275434E-04     150.83519    
    87.00   0.81966364E-04     148.12478    
    86.00   0.81657027E-04     145.42511    
    85.00   0.81347414E-04     142.73648    
    84.00   0.81037513E-04     140.05917    
    83.00   0.80727313E-04     137.39348    
    82.00   0.80416804E-04     134.73972    
    81.00   0.80105974E-04     132.09818    
    80.00   0.79794811E-04     129.46920    
    79.00   0.79483306E-04     126.85308    
    78.00   0.79171446E-04     124.25016    
    77.00   0.78859221E-04     121.66077    
    76.00   0.78546619E-04     119.08526    
    75.00   0.78233629E-04     116.52397    
    74.00   0.77920239E-04     113.97727    
    73.00   0.77606438E-04     111.44550    
    72.00   0.77292216E-04     108.92905    
    71.00   0.76977560E-04     106.42828    
    70.00   0.76662459E-04     103.94359    
    69.00   0.76346902E-04     101.47537    
    68.00   0.76030878E-04     99.024013    
    67.00   0.75714376E-04     96.589927    
    66.00   0.75397383E-04     94.173527    
    65.00   0.75079889E-04     91.775235    
    64.00   0.74761883E-04     89.395481    
    63.00   0.74443353E-04     87.034703    
    62.00   0.74124289E-04     84.693346    
    61.00   0.73804679E-04     82.371863    
    60.00   0.73484513E-04     80.070715    
    59.00   0.73163778E-04     77.790371    
    58.00   0.72842465E-04     75.531307    
    57.00   0.72520563E-04     73.294009    
    56.00   0.72198061E-04     71.078968    
    55.00   0.71874948E-04     68.886686    
    54.00   0.71551214E-04     66.717670    
    53.00   0.71226848E-04     64.572436    
    52.00   0.70901840E-04     62.451507    
    51.00   0.70576179E-04     60.355416    
    50.00   0.70249855E-04     58.284701    
    49.00   0.69922857E-04     56.239907    
    48.00   0.69595177E-04     54.221587    
    47.00   0.69266802E-04     52.230304    
    46.00   0.68937724E-04     50.266622    
    45.00   0.68607931E-04     48.331117    
    44.00   0.68277414E-04     46.424367    
    43.00   0.67946162E-04     44.546961    
    42.00   0.67614164E-04     42.699489    
    41.00   0.67281410E-04     40.882550    
    40.00   0.66947888E-04     39.096745    
    39.00   0.66613588E-04     37.342684    
    38.00   0.66278497E-04     35.620977    
    37.00   0.65942604E-04     33.932240    
    36.00   0.65605894E-04     32.277091    
    35.00   0.65268354E-04     30.656154    
    34.00   0.64929970E-04     29.070051    
    33.00   0.64590726E-04     27.519407    
    32.00   0.64250603E-04     26.004849    
    31.00   0.63909584E-04     24.527004    
    30.00   0.63567647E-04     23.086496    
    29.00   0.63224769E-04     21.683950    
    28.00   0.62880925E-04     20.319988    
    27.00   0.62536085E-04     18.995228    
    26.00   0.62190216E-04     17.710285    
    25.00   0.61843283E-04     16.465766    
    24.00   0.61495243E-04     15.262276    
    23.00   0.61146048E-04     14.100410    
    22.00   0.60795644E-04     12.980754    
    21.00   0.60443969E-04     11.903885    
    20.00   0.60090950E-04     10.870371    
    19.00   0.59736506E-04     9.8807644    
    18.00   0.59380540E-04     8.9356067    
    17.00   0.59022941E-04     8.0354239    
    16.00   0.58663580E-04     7.1807259    
    15.00   0.58302308E-04     6.3720055    
    14.00   0.57938949E-04     5.6097368    
    13.00   0.57573295E-04     4.8943736    
    12.00   0.57205104E-04     4.2263487    
    11.00   0.56834088E-04     3.6060720    
    10.00   0.56459908E-04     3.0339295    
     9.00   0.56082156E-04     2.5102820    
     8.00   0.55700353E-04     2.0354637    
     7.00   0.55313928E-04     1.6097813    
     6.00   0.54922220E-04     1.2335124    
     5.00   0.54524495E-04    0.90690481    
     4.00   0.54120051E-04    0.63017544    
     3.00   0.53708580E-04    0.40350935    
     2.00   0.53291445E-04    0.22705941    
     1.00   0.52876610E-04    0.10094032    
     0.00   0.52498879E-04    0.25240946E-01
